1,223,145,122
2,217,108,56
3,214,168,80
4,254,104,187
5,103,98,230
6,64,71,104
7,103,111,110
8,141,21,32
9,106,213,216
10,111,164,81
11,197,243,101
12,203,9,213
13,197,23,33
14,155,110,1
15,97,9,5
16,136,237,19
17,100,78,226
18,241,87,144
19,68,150,51
20,66,60,227
21,54,254,73
22,180,176,64
23,69,159,210
24,25,236,191
25,113,44,7
26,139,207,59
27,90,220,56
28,184,38,173
29,5,11,232
30,44,61,84
31,107,224,55
32,237,41,170
33,157,213,192
34,138,192,178
35,250,16,183
36,175,233,232
37,199,209,165
38,60,193,128
39,189,208,190
40,11,45,249
41,209,185,153
42,82,46,200
43,87,200,14
44,182,130,58
45,16,142,145
46,175,168,203
47,36,221,86
48,232,225,179
49,95,158,227
50,154,128,227
51,146,206,191
52,157,10,39
53,117,32,187
54,110,230,127
55,209,95,151
56,198,239,148
57,19,16,104
58,20,204,78
59,228,28,62
60,235,10,64
61,108,185,97
62,95,43,218
63,0,37,79
64,114,172,252
65,244,122,136
66,196,101,45
67,138,112,30
68,186,47,42
69,40,23,232
70,7,41,115
71,221,107,168
72,0,121,173
73,216,193,159
74,85,99,218
75,146,143,182
76,54,140,80
77,177,94,67
78,139,44,84
79,158,232,192
80,35,71,180
81,58,20,183
82,135,135,102
83,137,118,126
84,11,5,141
85,191,176,44
86,147,32,240
87,77,1,184
88,189,234,227
89,102,100,144
90,42,122,69
91,7,15,181
92,53,150,116
93,24,242,168
94,7,54,33
95,199,206,190
96,243,156,65
97,229,51,80
98,120,218,55
99,114,4,221
100,146,108,252
101,21,57,70
102,59,197,183
103,65,212,211
104,38,169,181
105,251,141,75
106,216,184,18
107,79,194,171
108,65,69,141
109,76,122,124
110,56,21,46
111,25,61,122
112,146,36,33
113,87,238,212
114,26,42,147
115,26,213,82
116,115,32,187
117,228,154,84
118,25,18,158
119,59,218,77
120,216,232,100
121,52,54,183
122,206,203,143
123,28,219,167
124,19,150,36
125,37,171,246
126,164,231,35
127,60,242,62
128,97,48,118
129,147,240,22
130,29,106,61
131,253,72,31
132,232,143,147
133,3,75,77
134,27,206,70
135,78,134,147
136,149,125,81
137,139,131,229
138,32,252,223
139,195,29,176
140,190,217,36
141,228,22,221
142,116,129,61
143,252,4,252
144,26,170,137
145,76,56,246
146,152,110,112
147,65,227,13
148,50,66,66
149,105,115,118
150,190,51,251
151,154,112,85
152,224,132,195
153,46,98,30
154,24,18,201
155,160,49,226
156,114,1,91
157,168,244,162
158,226,190,114
159,192,131,97
160,72,77,160
161,228,238,95
162,51,144,99
163,163,15,128
164,21,50,69
165,172,108,119
166,184,14,135
167,194,11,182
168,27,192,92
169,133,59,18
170,184,82,13
171,234,158,140
172,33,42,152
173,128,109,124
174,233,70,175
175,39,149,168
176,84,184,157
177,157,174,132
178,123,114,125
179,187,218,68
180,16,4,121
181,41,75,112
182,238,36,179
183,229,115,138
184,29,48,74
185,88,101,243
186,2,135,68
187,239,209,241
188,102,26,34
189,33,36,21
190,50,45,0
191,19,85,186
192,55,87,200
193,174,124,73
194,16,171,81
195,204,178,4
196,57,96,192
197,105,107,79
198,52,38,193
199,83,206,49
200,71,40,227
201,117,85,201
202,176,246,90
203,74,77,26
204,232,192,148
205,233,62,93
206,239,175,73
207,121,241,29
208,219,248,122
209,133,19,45
210,232,201,67
211,208,231,233
212,19,227,252
213,113,46,51
214,65,141,243
215,174,253,240
216,16,80,239
217,80,72,10
218,184,7,253
219,44,12,249
220,2,47,225
221,120,52,76
222,245,36,3
223,23,112,221
224,222,118,52
225,59,56,194
226,163,156,120
227,39,126,12
228,129,169,89
229,145,25,12
230,247,166,136
231,182,232,67
232,117,79,115
233,154,235,113
234,149,153,114
235,244,80,102
236,221,230,136
237,195,71,159
238,161,35,214
239,44,54,180
240,211,102,161
241,252,144,218
242,17,70,125
243,106,247,60
244,249,177,3
245,128,11,51
246,144,162,225
247,72,59,110
248,72,106,29
249,246,241,48
250,240,62,242
251,201,5,238
252,161,152,229
253,59,240,73
254,122,25,192
255,144,192,110
256,236,126,25
257,76,73,215
258,246,104,177
259,121,249,23
260,110,69,116
261,169,206,138
262,250,7,91
263,199,161,5
264,233,101,237
265,32,173,219
266,39,54,248
267,172,218,47
268,41,211,38
269,246,83,184
270,210,252,213
271,127,8,82
272,21,211,178
273,36,60,194
274,192,46,74
275,57,97,0
276,209,131,52
277,254,103,23
278,91,221,156
279,2,73,224
280,170,154,1
281,114,213,185
282,99,67,141
283,142,213,217
284,138,206,159
285,148,152,29
286,27,248,77
287,14,192,45
288,120,15,75
289,98,223,148
290,55,196,60
291,33,226,253
292,207,233,40
293,226,226,13
294,236,86,113
295,184,226,27
296,83,156,192
297,229,102,195
298,163,165,159
299,129,145,229
300,119,1,178
301,101,132,118
302,109,157,57
303,21,68,7
304,40,50,56
305,128,81,19
306,221,236,236
307,102,51,218
308,132,56,168
309,249,227,111
310,233,54,241
311,226,72,128
312,3,161,182
313,228,171,224
314,18,148,252
315,128,76,112
316,127,166,200
317,128,14,189
318,241,69,249
319,83,242,67
320,71,176,172
321,8,246,215
322,173,38,212
323,244,71,126
324,35,63,18
325,79,74,131
326,181,106,158
327,64,206,26
328,37,15,117
329,103,239,130
330,137,231,82
331,105,118,45
332,253,146,45
333,10,209,25
334,148,52,183
335,1,54,90
336,23,222,111
337,90,3,216
338,198,96,58
339,88,188,88
340,193,205,13
341,117,226,68
342,222,253,94
343,237,188,114
344,159,149,226
345,228,177,189
346,0,112,173
347,6,61,61
348,199,154,249
349,72,85,170
350,132,196,170
351,58,10,225
352,243,248,167
353,141,160,201
354,147,211,228
355,181,144,199
356,189,212,211
357,195,161,27
358,211,250,210
359,51,141,109
360,120,78,125
361,239,115,97
362,37,201,83
363,67,170,196
364,34,169,114
365,192,183,129
366,121,47,142
367,113,2,144
368,23,2,203
369,107,67,34
370,197,121,51
371,111,179,179
372,171,36,45
373,49,42,175
374,67,124,98
375,167,205,202
376,239,72,217
377,208,90,68
378,148,64,66
379,5,70,101
380,169,89,21
381,29,104,196
382,175,178,94
383,211,158,28
384,169,248,46
385,151,3,251
386,118,182,117
387,209,100,109
388,164,171,43
389,162,2,163
390,8,29,155
391,137,230,106
392,10,111,78
393,80,187,11
394,169,58,74
395,102,193,222
396,81,7,231
397,155,206,240
398,7,189,140
399,223,99,2
400,51,132,30
401,208,241,83
402,151,15,183
403,182,199,217
404,227,117,186
405,174,105,220
406,138,85,179
407,113,16,122
408,118,107,171
409,93,249,82
410,162,23,169
411,208,30,30
412,185,140,22
413,167,79,42
414,230,220,63
415,10,61,8
416,226,106,36
417,226,66,220
418,1,250,35
419,149,211,79
420,53,240,107
421,214,226,118
422,60,77,159
423,41,201,160
424,153,128,112
425,195,15,239
426,127,85,119
427,14,69,50
428,110,132,167
429,126,112,152
430,16,103,184
431,77,182,180
432,56,131,12
433,187,40,212
434,178,67,59
435,65,71,18
436,238,170,160
437,208,57,144
438,119,99,47
439,50,139,104
440,203,225,123
441,102,18,193
442,121,240,195
443,180,77,132
444,178,38,83
445,27,92,200
446,21,203,67
447,139,251,112
448,67,14,233
449,90,63,212
450,236,9,69
451,236,190,25
452,46,27,45
453,80,173,49
454,45,55,201
455,131,242,250
456,132,190,205
457,51,185,134
458,77,197,27
459,219,128,235
460,41,221,37
461,234,13,209
462,73,73,90
463,15,91,241
464,240,67,63
465,57,31,216
466,139,157,172
467,197,73,224
468,241,119,56
469,198,115,230
470,25,13,73
471,166,238,12
472,242,97,232
473,202,89,25
474,104,192,139
475,151,102,51
476,221,221,226
477,149,131,206
478,197,83,118
479,247,169,157
480,104,219,60
481,47,94,190
482,111,128,70
483,52,180,191
484,224,96,171
485,138,192,37
486,163,136,99
487,184,219,82
488,245,173,70
489,62,151,228
490,79,229,205
491,113,254,115
492,163,112,7
493,113,44,61
494,239,22,146
495,218,187,176
496,243,71,73
497,217,160,202
498,9,139,137
499,153,51,115
500,126,249,163
501,218,168,21
502,43,216,199
503,229,129,10
504,114,233,1
505,123,147,69
506,139,180,27
507,99,236,153
508,49,49,39
509,239,69,122
510,190,195,212
511,61,109,241
512,235,24,6
513,30,207,235
514,226,241,66
515,19,222,243
516,218,41,179
517,172,158,79
518,188,88,156
519,243,90,58
520,155,112,239
521,196,90,152
522,104,0,106
523,13,98,254
524,117,70,71
525,130,236,138
526,186,24,140
527,195,215,21
528,70,90,185
529,230,108,182
530,35,12,215
531,115,195,194
532,186,73,177
533,84,163,246
534,184,123,239
535,113,65,134
536,152,12,132
537,116,126,18
538,35,49,50
539,63,150,158
540,246,86,43
541,87,132,144
542,193,20,76
543,194,184,188
544,76,194,214
545,95,51,52
546,247,244,110
547,31,77,65
548,165,112,93
549,37,48,141
550,50,54,220
551,241,217,178
552,49,10,163
553,8,144,242
554,96,105,48
555,12,236,194
556,82,199,97
557,244,127,29
558,115,15,53
559,154,166,15
560,41,194,57
561,14,170,183
562,41,106,109
563,113,243,190
564,217,188,38
565,192,124,91
566,10,21,65
567,5,106,188
568,227,70,96
569,145,160,90
570,19,4,144
571,124,4,187
572,208,64,137
573,103,108,98
574,171,135,111
575,224,35,203
576,163,100,79
577,158,140,152
578,85,77,83
579,123,79,101
580,14,115,234
581,87,37,52
582,217,158,30
583,46,101,157
584,169,194,254
585,161,87,52
586,162,1,231
587,253,81,131
588,211,137,149
589,48,131,250
590,21,238,253
591,240,69,51
592,249,75,154
593,209,72,119
594,41,112,136
595,168,53,220
596,104,56,65
597,74,0,49
598,146,81,180
599,182,18,218
600,2,197,243
601,215,220,148
602,30,50,122
603,5,70,91
604,181,197,142
605,177,238,247
606,8,27,239
607,176,25,206
608,247,21,158
609,171,223,232
610,147,107,134
611,224,66,245
612,248,115,194
613,3,51,34
614,112,112,251
615,184,36,18
616,94,3,45
617,252,234,224
618,12,231,38
619,144,59,70
620,46,83,3
621,2,181,145
622,253,130,173
623,86,189,146
624,143,67,65
625,196,138,184
626,222,114,151
627,89,182,204
628,99,247,115
629,84,94,72
630,75,156,8
631,179,70,234
632,129,241,83
633,45,192,81
634,207,111,151
635,76,33,226
636,109,131,88
637,237,245,179
638,130,161,75
639,112,78,208
640,170,108,88
641,1,204,11
642,79,193,165
643,130,171,250
644,166,195,90
645,24,102,35
646,121,240,238
647,139,168,42
648,4,65,66
649,183,88,231
650,84,40,187
651,252,152,0
652,57,85,43
653,172,206,135
654,90,140,156
655,105,104,105
656,76,100,241
657,190,191,42
658,198,11,138
659,209,179,147
660,215,72,202
661,40,171,170
662,21,250,217
663,187,138,99
664,106,112,139
665,71,209,213
666,223,121,70
667,252,248,213
668,245,196,73
669,250,8,18
670,159,126,73
671,242,62,206
672,239,154,123
673,62,211,196
674,196,189,96
675,188,106,149
676,33,8,70
677,51,12,20
678,246,169,48
679,55,63,200
680,210,187,99
681,45,134,163
682,126,200,22
683,191,208,64
684,7,234,98
685,25,244,11
686,225,253,93
687,95,37,61
688,123,69,97
689,218,137,196
690,132,156,60
691,45,178,37
692,109,184,21
693,163,145,177
694,182,26,121
695,173,225,207
696,237,7,236
697,145,153,44
698,116,216,144
699,191,102,149
700,110,164,101
701,135,159,202
702,221,133,25
703,89,229,32
704,82,175,12
705,172,89,225
706,195,36,42
707,202,93,188
708,10,163,82
709,179,63,73
710,174,153,226
711,55,226,185
712,193,253,93
713,231,86,17
714,188,107,218
715,10,12,120
716,172,153,41
717,38,205,43
718,191,200,167
719,16,251,55
720,150,36,57
721,117,214,151
722,228,145,245
723,168,216,48
724,230,108,13
725,24,4,100
726,151,70,118
727,33,183,60
728,42,79,225
729,144,33,143
730,107,86,10
731,106,234,221
732,61,126,27
733,168,155,99
734,123,181,27
735,20,0,196
736,222,40,57
737,225,80,233
738,236,3,245
739,157,50,95
740,70,109,85
741,3,126,240
742,204,70,97
743,39,127,40
744,151,200,226
745,90,138,15
746,201,69,12
747,249,29,235
748,120,149,21
749,231,56,114
750,4,117,133
751,73,241,126
752,230,97,43
753,216,81,231
754,180,214,1
755,79,74,252
756,94,249,165
757,46,80,48
758,73,36,13
759,9,136,6
760,211,250,65
761,86,140,241
762,54,207,144
763,195,100,54
764,189,65,157
765,134,78,192
766,227,130,149
767,143,115,188
768,127,116,169
769,199,182,202
770,172,181,110
771,162,207,14
772,111,162,84
773,90,188,128
774,10,122,15
775,228,233,97
776,116,55,100
777,128,71,1
778,180,124,75
779,115,82,234
780,177,168,219
781,8,89,58
782,104,69,80
783,143,66,174
784,172,108,231
785,25,125,215
786,226,10,43
787,101,38,140
788,98,178,126
789,137,11,28
790,27,128,68
791,186,18,63
792,184,45,217
793,127,234,242
794,87,123,235
795,212,136,210
796,40,204,185
797,15,29,200
798,225,231,119
799,48,245,202
800,84,204,152
801,227,194,181
802,179,23,40
803,192,4,101
804,247,228,5
805,118,62,171
806,106,120,189
807,86,146,109
808,189,178,28
809,209,111,52
810,13,110,108
811,165,142,83
812,73,13,144
813,40,211,214
814,136,48,42
815,224,139,40
816,226,245,24
817,137,89,113
818,84,72,204
819,61,244,104
820,42,207,82
821,99,161,120
822,55,217,99
823,31,131,134
824,243,159,244
825,232,105,236
826,170,45,18
827,67,218,144
828,71,28,214
829,211,234,228
830,1,196,83
831,164,82,67
832,58,157,75
833,129,227,77
834,197,89,204
835,148,30,1
836,67,145,51
837,125,144,129
838,69,150,51
839,101,64,80
840,136,76,88
841,125,254,189
842,115,124,197
843,101,69,159
844,80,166,30
845,179,70,109
846,33,168,175
847,64,122,145
848,220,212,11
849,99,254,229
850,89,245,196
851,63,98,177
852,217,162,176
853,190,63,22
854,147,85,44
855,57,234,222
856,244,147,134
857,197,65,26
858,210,242,174
859,195,183,163
860,139,71,26
861,45,223,119
862,185,51,163
863,176,162,53
864,115,65,134
865,66,8,22
866,212,81,68
867,120,33,50
868,183,81,210
869,179,108,39
870,141,55,167
871,102,176,80
872,238,183,2
873,236,207,73
874,122,205,62
875,203,170,48
876,250,92,162
877,112,91,79
878,42,215,84
879,153,238,196
880,199,70,252
881,150,236,70
882,55,209,92
883,122,42,149
884,211,0,108
885,205,217,23
886,101,176,40
887,92,231,110
888,2,32,147
889,196,212,205
890,167,247,228
891,178,21,14
892,226,0,100
893,43,37,61
894,181,231,20
895,21,25,107
896,103,30,181
897,206,64,147
898,136,170,152
899,204,79,15
900,203,85,171
901,78,230,202
902,246,155,19
903,252,78,92
904,161,4,41
905,39,69,51
906,65,251,72
907,152,21,55
908,52,84,240
909,33,173,138
910,120,30,109
911,64,234,176
912,192,137,68
913,218,4,139
914,91,136,230
915,23,15,214
916,188,51,61
917,42,13,15
918,250,50,177
919,204,231,147
920,93,228,153
921,166,212,128
922,249,170,35
923,136,178,4
924,176,91,187
925,247,197,68
926,112,134,240
927,83,224,205
928,202,223,45
929,238,164,198
930,226,147,202
931,170,247,66
932,138,96,28
933,124,95,139
934,249,46,5
935,173,132,230
936,14,99,10
937,162,108,86
938,96,211,168
939,20,252,178
940,5,128,135
941,235,165,43
942,138,9,230
943,65,209,217
944,178,136,26
945,48,124,238
946,119,82,125
947,128,250,175
948,233,147,31
949,205,12,157
950,64,110,41
951,143,147,233
952,166,217,223
953,48,28,89
954,152,213,113
955,21,102,247
956,77,33,248
957,149,245,31
958,165,251,213
959,119,123,175
960,180,221,37
961,167,18,79
962,107,67,110
963,56,99,89
964,41,90,25
965,93,71,80
966,242,219,129
967,88,23,133
968,50,237,122
969,55,76,115
970,189,180,120
971,251,66,103
972,200,204,136
973,246,18,157
974,66,56,126
975,6,21,176
976,254,248,117
977,230,86,96
978,109,178,253
979,190,214,140
980,227,32,109
981,31,150,200
982,205,57,77
983,249,246,222
984,105,182,119
985,14,118,167
986,156,175,25
987,89,68,20
988,73,236,126
989,236,118,54
990,14,24,210
991,237,50,50
992,68,47,45
993,0,80,248
994,47,15,199
995,132,79,193
996,197,191,240
997,223,56,220
998,91,85,240
999,3,44,119
